[
    {
        "previous_actions": [
            2,
            2,
            0,
            2,
            0,
            2,
            0,
            2,
            0,
            2,
            0,
            2,
            0,
            2,
            0,
            2,
            0,
            2,
            0,
            2,
            0,
            2,
            0,
            2,
            0,
            2,
            0,
            2,
            0,
            2,
            0,
            2,
            0,
            2,
            0,
            2,
            0,
            2,
            0,
            2,
            0,
            2,
            0,
            2,
            0,
            2,
            0,
            2,
            0,
            2,
            0,
            2,
            0,
            2,
            0,
            2,
            0,
            2,
            0,
            2,
            0,
            2,
            0,
            2,
            0,
            2,
            0,
            2,
            0,
            2,
            0,
            2,
            0,
            2,
            0,
            2,
            0,
            2,
            0,
            2,
            0,
            2,
            0,
            2,
            0,
            2,
            0,
            2,
            0,
            2,
            0,
            2,
            0,
            2,
            0,
            2,
            0,
            2,
            0,
            2,
            0,
            2,
            0,
            2,
            0,
            2,
            0,
            2,
            0,
            2,
            0,
            2,
            0,
            2,
            0,
            2,
            0,
            2,
            0,
            2,
            0,
            2,
            0,
            2,
            0,
            2,
            0,
            2,
            0,
            2,
            0,
            2,
            0,
            2,
            0,
            2,
            0,
            2,
            0,
            2,
            0,
            2,
            0,
            2,
            0,
            2,
            0,
            2,
            0,
            2,
            0,
            2,
            0,
            2,
            0,
            2,
            0,
            0,
            2,
            2,
            0,
            2,
            0,
            0,
            2,
            0,
            2,
            0,
            2,
            2,
            0,
            2,
            0,
            2,
            0,
            2,
            0,
            0,
            2,
            0,
            2,
            0,
            2,
            0,
            2,
            0,
            2,
            0,
            2,
            0,
            2,
            0,
            2,
            0,
            2,
            0,
            2,
            0,
            2,
            0,
            2,
            0,
            2,
            0,
            2,
            0,
            2,
            0,
            2,
            2,
            0,
            0,
            2,
            0,
            2,
            0,
            2,
            0,
            2,
            0,
            2,
            0,
            2,
            0,
            2,
            0,
            2,
            0,
            2,
            0,
            2,
            0,
            2,
            0,
            2,
            0,
            2,
            0,
            2,
            0,
            2,
            0,
            2,
            0,
            2,
            0,
            2,
            0,
            2,
            0,
            2,
            0,
            2,
            0,
            2,
            0,
            2,
            0,
            2,
            0,
            2,
            0,
            2,
            0,
            2,
            0,
            2,
            0,
            2,
            0,
            2,
            0,
            2,
            0,
            2,
            0,
            2,
            0,
            2,
            0,
            2,
            0,
            2,
            0,
            2,
            0,
            2,
            0,
            2,
            0,
            2,
            0,
            2,
            0,
            2,
            0,
            2,
            0,
            2,
            0,
            2,
            0,
            2,
            0,
            2,
            0,
            2,
            0,
            2,
            0,
            2,
            0,
            2,
            0,
            2,
            0,
            2,
            0,
            2,
            0,
            2,
            0,
            2,
            0,
            2,
            0,
            2,
            0,
            2,
            0,
            2,
            0,
            2,
            0,
            2,
            0,
            2,
            0,
            2,
            0,
            2,
            0,
            2,
            0,
            2,
            0,
            2,
            0,
            2,
            0,
            2,
            0,
            2,
            0,
            2,
            0,
            2,
            0,
            2,
            0,
            2,
            0,
            2,
            0,
            2,
            0,
            2,
            0,
            2
        ],
        "shares_bought": 4,
        "buy_prices_with_commission": 2442.0,
        "avg_buy_price": 610.5,
        "action": "BUY",
        "portfolio_value": 2654.3018798828125,
        "index": 369,
        "close_price": 605.5,
        "available_amount": 232.3018798828125,
        "shares_holdings": 4,
        "cummulative_profit_loss": -1480.2996215820312,
        "reward": -100,
        "successful_buys": 185,
        "successful_holds": 0,
        "successful_sells": 1,
        "unsuccessful_sells": 183,
        "transactions": [
            610.5
        ],
        "seed": 1337,
        "episode": {
            "r": -20073.499634,
            "l": 370,
            "t": 0.377709
        }
    }
]